City,Latitude,Longitude,Max Temp,Humidity,Cloudiness,Wind Speed,Country,Date
Bethel,41.37,-73.41,46.0,81,1,5.82,US,1600653957
Mehamn,71.04,27.85,42.82,82,82,16.2,NO,1600654009
College,64.86,-147.8,50.0,61,75,1.77,US,1600654010
Provideniya,64.38,-173.3,44.6,65,75,8.95,RU,1600654010
Touros,-5.2,-35.46,77.0,83,40,11.41,BR,1600654010
Xichang,27.9,102.26,69.28,73,84,2.17,CN,1600653901
Rikitea,-23.12,-134.97,72.84,76,61,23.91,PF,1600654011
Impfondo,1.64,18.07,70.02,96,100,1.86,CG,1600654011
Bredasdorp,-34.53,20.04,50.0,93,97,3.36,ZA,1600653832
Villarrica,-25.75,-56.43,62.51,50,100,4.92,PY,1600654011
Sittwe,20.15,92.9,83.3,83,100,19.48,MM,1600654012
Port Lincoln,-34.73,135.87,60.62,60,1,27.69,AU,1600654012
Carnarvon,-24.87,113.63,64.4,39,0,23.04,AU,1600654012
Naples,40.83,14.25,72.0,83,40,1.12,IT,1600653988
Rabo de Peixe,37.8,-25.58,68.0,72,75,16.11,PT,1600654013
Ushuaia,-54.8,-68.3,42.8,82,75,4.7,AR,1600654013
Algete,40.6,-3.5,59.0,100,84,2.24,ES,1600654014
Arraial do Cabo,-22.97,-42.03,70.54,91,100,2.98,BR,1600654014
Cape Town,-33.93,18.42,54.0,66,40,5.82,ZA,1600654015
Biak,-0.91,122.88,84.96,62,0,4.14,ID,1600654015
Waterloo,43.47,-80.52,48.99,75,1,6.93,CA,1600653910
Kaeo,-35.1,173.78,62.01,68,48,7.0,NZ,1600654016
George Town,5.41,100.34,84.2,83,20,3.36,MY,1600653816
Busselton,-33.65,115.33,55.0,78,100,1.01,AU,1600654017
Marfino,55.7,37.38,46.0,86,99,11.18,RU,1600654017
Punta Arenas,-53.15,-70.92,42.8,81,98,12.75,CL,1600653927
Mataura,-46.19,168.86,60.94,45,35,9.53,NZ,1600654018
Vaini,-21.2,-175.2,77.0,78,75,11.41,TO,1600654018
Martapura,-3.42,114.85,89.92,56,6,3.69,ID,1600654018
Barão de Melgaço,-16.19,-55.97,78.8,61,40,5.86,BR,1600654019
Te Anau,-45.42,167.72,52.2,63,24,9.53,NZ,1600654019
Jamestown,42.1,-79.24,51.8,50,1,8.05,US,1600653968
East London,-33.02,27.91,60.75,55,100,25.39,ZA,1600654019
Bengkulu,-3.8,102.27,83.23,71,67,3.98,ID,1600653792
Vila Franca do Campo,37.72,-25.43,68.0,72,75,16.11,PT,1600654020
Butaritari,3.07,172.79,81.95,75,0,14.38,KI,1600654020
Marabá,-5.37,-49.12,82.4,74,34,2.24,BR,1600653948
Hermanus,-34.42,19.23,50.0,90,99,7.47,ZA,1600654021
Pangnirtung,66.15,-65.71,31.89,88,90,0.63,CA,1600654021
Evanston,42.04,-87.69,66.0,51,75,3.36,US,1600653763
Thompson,55.74,-97.86,64.4,72,90,2.24,CA,1600654022
‘Ewa Beach,21.32,-158.01,89.6,46,20,15.39,US,1600654022
Karratha,-20.74,116.85,79.72,17,0,18.68,AU,1600653952
Oddur,4.12,43.89,68.47,74,11,11.7,SO,1600654023
Kapaa,22.08,-159.32,82.4,74,90,10.29,US,1600654023
Kruisfontein,-34.0,24.73,54.0,75,57,5.01,ZA,1600654023
Salinópolis,-0.61,-47.36,80.2,78,16,13.06,BR,1600654024
Airai,-8.93,125.41,76.24,60,1,6.22,TL,1600654024
Nioro,13.35,-15.75,74.93,92,40,4.38,GM,1600654024
Chokwé,-24.53,32.98,73.51,41,0,7.87,MZ,1600654024
Mrągowo,53.86,21.31,39.2,93,0,3.69,PL,1600654025
Hinton,53.4,-117.59,56.03,51,68,2.19,CA,1600654025
Qaanaaq,77.48,-69.36,16.47,93,92,3.09,GL,1600654025
Port Hedland,-20.32,118.57,78.8,9,0,21.92,AU,1600654026
Portel,-1.94,-50.82,77.09,87,0,6.44,BR,1600654026
Abong Mbang,3.98,13.18,66.11,98,99,3.0,CM,1600654026
Torbay,47.67,-52.73,41.0,86,75,4.7,CA,1600653923
Sinop Province,41.77,34.87,55.26,86,70,3.04,TR,1600654027
Banjar,-8.19,114.97,89.26,51,8,2.66,ID,1600654027
Kaitangata,-46.28,169.85,57.0,64,0,5.01,NZ,1600654027
Terrace,54.52,-128.6,51.8,93,90,4.7,CA,1600654028
Bluff,-46.6,168.33,53.37,62,85,7.43,NZ,1600654028
Santa Maria,-29.68,-53.81,44.6,93,0,2.24,BR,1600653735
Wanaka,-44.7,169.15,53.65,55,0,9.46,NZ,1600654001
Parry Sound,45.35,-80.03,51.01,83,0,5.82,CA,1600654029
Takoradze,4.88,-1.76,74.97,93,100,9.91,GH,1600654029
Jandaia do Sul,-23.6,-51.64,75.2,57,29,6.93,BR,1600653903
Tessalit,20.2,1.01,87.42,16,0,8.66,ML,1600654029
Longyearbyen,78.22,15.64,35.6,69,75,17.22,SJ,1600654030
Ola,59.58,151.28,46.89,51,44,3.83,RU,1600654030
Barrow,71.29,-156.79,32.0,92,90,9.17,US,1600654030
Calama,-22.47,-68.93,55.4,16,0,9.17,CL,1600653913
Henderson,36.04,-114.98,98.6,13,1,16.11,US,1600654031
Faanui,-16.48,-151.75,78.6,78,50,16.55,PF,1600654031
Lebu,-37.62,-73.65,48.9,87,7,8.75,CL,1600654031
Dongying,37.46,118.49,77.23,37,21,7.45,CN,1600654032
Algeciras,36.13,-5.45,71.6,68,100,10.29,ES,1600654032
Constitución,-35.33,-72.42,52.99,74,0,1.54,CL,1600654032
Rocca Priora,41.78,12.75,71.6,83,9,3.36,IT,1600654032
San Cristobal,7.77,-72.22,65.52,92,89,2.24,VE,1600654033
Los Llanos de Aridane,28.66,-17.92,73.4,78,40,8.05,ES,1600654033
Ribeira Grande,38.52,-28.7,66.74,78,49,21.83,PT,1600654033
Cugir,45.83,23.37,50.0,81,85,2.24,RO,1600654034
Port Hardy,50.7,-127.42,53.6,100,90,6.93,CA,1600654035
Clyde River,70.47,-68.59,19.4,92,1,3.36,CA,1600654035
Nikolskoye,59.7,30.79,53.6,81,75,11.18,RU,1600654036
Klaksvík,62.23,-6.59,51.8,100,100,12.75,FO,1600654036
Albany,42.6,-73.97,44.01,58,0,3.94,US,1600654000
Carballo,43.21,-8.69,62.6,100,75,3.27,ES,1600654037
Tuktoyaktuk,69.45,-133.04,37.4,86,90,23.04,CA,1600654037
Saint Anthony,45.02,-93.22,68.0,40,75,17.22,US,1600653975
Quijingue,-10.75,-39.21,69.42,80,5,9.42,BR,1600654037
Caborca,30.58,-111.1,86.0,42,92,1.01,MX,1600654038
Barcelos,41.54,-8.62,61.0,100,40,5.82,PT,1600654038
Port Alfred,-33.59,26.89,57.54,61,20,25.48,ZA,1600654038
Flinders,-34.58,150.86,80.01,62,0,5.99,AU,1600654039
Ürümqi,43.8,87.6,60.8,44,94,4.47,CN,1600654039
Kindu,-2.95,25.95,70.38,94,100,1.23,CD,1600654039
Palana,59.12,159.97,42.93,65,13,15.41,RU,1600654040
Nanortalik,60.14,-45.24,38.03,81,92,3.47,GL,1600654040
Menongue,-14.66,17.69,61.79,36,0,4.43,AO,1600654040
Ponta do Sol,32.67,-17.1,71.6,78,40,5.82,PT,1600654041
Bandarbeyla,9.49,50.81,76.28,77,5,23.42,SO,1600654041
Pevek,69.7,170.31,36.77,81,99,9.33,RU,1600654041
Aklavik,68.22,-135.01,37.4,75,90,5.82,CA,1600654041
Tendūkheda,23.4,79.55,77.0,100,75,4.7,IN,1600654042
Rawson,-43.3,-65.1,43.3,65,0,5.55,AR,1600654042
Tazovsky,67.47,78.7,46.85,94,91,15.9,RU,1600654043
Benguela,-12.58,13.41,70.25,84,97,1.25,AO,1600654043
Severo-Kuril'sk,50.68,156.12,52.36,67,76,6.8,RU,1600654043
Fare,-16.7,-151.02,78.98,78,57,17.2,PF,1600654044
Villa Tecolutilla,18.28,-93.32,77.0,94,90,7.07,MX,1600654044
Lékoni,-1.58,14.26,71.78,89,100,6.67,GA,1600654044
Salekhard,66.53,66.6,40.89,95,100,10.45,RU,1600654018
Zharkent,44.16,80.0,62.11,42,3,1.39,KZ,1600654045
Havre-St-Pierre,50.23,-63.6,37.4,86,1,8.05,CA,1600654045
Ust'-Kan,50.93,84.76,48.92,51,0,3.53,RU,1600654045
Alto Araguaia,-17.31,-53.22,74.98,59,90,8.79,BR,1600654046
Umluj,25.02,37.27,88.21,30,39,8.59,SA,1600654046
Aktau,43.65,51.2,62.6,72,20,8.95,KZ,1600654046
Hobart,-42.88,147.33,64.4,39,40,20.8,AU,1600654000
Urengoy,65.97,78.37,49.21,88,100,17.27,RU,1600654047
Atuona,-9.8,-139.03,78.28,77,21,19.98,PF,1600654047
Yellowknife,62.46,-114.35,55.4,58,40,2.24,CA,1600654048
Mar del Plata,-38.0,-57.56,46.0,70,20,6.93,AR,1600654048
Ixtapa,20.7,-105.2,81.0,88,75,3.36,MX,1600653888
Grajaú,-5.82,-46.14,81.09,56,37,3.4,BR,1600654048
Lüderitz,-26.65,15.16,57.15,68,7,24.52,NA,1600654049
Iqaluit,63.75,-68.51,32.0,94,75,8.05,CA,1600654049
Portland,45.52,-122.68,71.01,65,100,2.37,US,1600653899
Cidreira,-30.18,-50.21,50.65,54,0,3.67,BR,1600654049
Baculin,7.45,126.58,87.73,63,100,7.56,PH,1600654050
Jand,33.43,72.02,82.58,29,0,5.97,PK,1600654050
Kavieng,-2.57,150.8,85.35,73,90,11.23,PG,1600654050
Safaga,26.73,33.94,86.0,45,0,11.41,EG,1600654051
Nouakchott,18.09,-15.98,80.6,83,78,6.93,MR,1600653907
Mahébourg,-20.41,57.7,71.6,73,40,11.41,MU,1600654051
Qujing,25.48,103.78,64.96,83,99,10.51,CN,1600654051
Acapulco de Juárez,16.86,-99.89,84.2,79,90,1.39,MX,1600654052
Broome,42.25,-75.83,44.01,100,0,2.68,US,1600654052
Chui,-33.7,-53.46,44.02,74,0,7.54,UY,1600654052
Saint-Pierre,-21.34,55.48,64.4,68,50,8.05,RE,1600653609
Tiksi,71.69,128.87,47.23,64,48,16.84,RU,1600654053
Goulburn,-34.75,149.72,73.99,55,0,3.0,AU,1600654053
Castro,-24.79,-50.01,54.27,91,80,11.5,BR,1600654053
Saint-Philippe,-21.36,55.77,64.4,68,43,8.05,RE,1600654054
Hohhot,40.81,111.65,57.2,67,89,2.24,CN,1600654054
Ojinaga,29.57,-104.42,82.4,21,1,9.17,MX,1600654055
Kununurra,-15.77,128.73,93.2,44,23,4.7,AU,1600653856
Halifax,44.65,-63.57,48.0,81,0,9.06,CA,1600653771
Esperance,-33.87,121.9,53.6,100,75,14.99,AU,1600654057
Nhulunbuy,-12.23,136.77,86.0,55,40,9.17,AU,1600654057
Ostrovnoy,68.05,39.51,40.39,91,100,7.58,RU,1600654057
Aleksandrovskoye,44.71,43.0,42.8,87,20,6.71,RU,1600654058
Saldanha,-33.01,17.94,46.4,81,57,3.36,ZA,1600654058
Imbituba,-28.24,-48.67,57.2,67,75,8.05,BR,1600654058
Pochutla,15.74,-96.47,81.0,78,75,3.67,MX,1600654058
Broken Hill,-31.95,141.43,66.2,29,18,12.75,AU,1600654059
Hithadhoo,-0.6,73.08,81.36,81,100,14.52,MV,1600654059
Bilibino,68.05,166.44,38.75,71,10,4.05,RU,1600654059
Belyy Yar,53.6,91.39,46.4,93,0,2.17,RU,1600654059
Terre Haute,39.47,-87.41,57.99,71,1,9.28,US,1600653779
Launceston,-41.45,147.17,57.0,76,75,21.92,AU,1600653983
Bathsheba,13.22,-59.52,84.2,79,20,10.29,BB,1600654060
Dauriya,49.93,116.87,50.38,75,97,8.23,RU,1600654061
Limbang,4.75,115.0,87.8,74,75,2.24,MY,1600654061
Palmer,42.16,-72.33,43.0,81,1,3.2,US,1600653774
Kahului,20.89,-156.47,87.8,52,40,29.97,US,1600654022
Namatanai,-3.67,152.43,86.7,64,37,5.75,PG,1600654062
Novaya Ladoga,60.1,32.3,51.01,99,100,12.97,RU,1600654062
Camopi,3.17,-52.32,75.13,87,0,3.42,GF,1600654062
Geraldton,-28.77,114.6,64.4,52,90,1.12,AU,1600654062
Dhidhdhoo,6.88,73.1,82.56,76,100,20.13,MV,1600654063
Mana,5.66,-53.78,79.92,86,13,8.97,GF,1600654063
Saint Paul Harbor,57.79,-152.41,53.6,71,40,11.41,US,1600654063
Timberlake,37.32,-79.26,51.8,76,1,5.3,US,1600654052
Gornopravdinsk,60.05,69.9,50.34,73,45,11.59,RU,1600654064
Whitehorse,60.72,-135.05,51.8,40,75,12.75,CA,1600653787
Riyadh,24.69,46.72,78.8,19,47,5.82,SA,1600654026
Cockburn Town,21.46,-71.14,83.55,67,95,6.2,TC,1600653835
Talnakh,69.49,88.4,46.4,87,75,24.61,RU,1600654065
Guozhen,34.37,107.36,57.81,85,100,2.59,CN,1600654065
Chicama,-7.84,-79.15,61.97,85,22,4.92,PE,1600654065
Wasilla,61.58,-149.44,50.0,76,90,5.82,US,1600654065
La Bañeza,42.3,-5.9,55.4,100,12,4.29,ES,1600654066
Ati,13.22,18.34,80.94,65,95,8.25,TD,1600654066
Boralday,43.36,76.86,48.2,70,0,2.24,KZ,1600654066
Nome,64.5,-165.41,46.0,70,90,0.51,US,1600653843
Fallon,39.47,-118.78,80.6,15,20,4.7,US,1600654067
Bakchar,57.02,82.07,52.16,79,98,8.7,RU,1600654067
Cartagena del Chairá,1.33,-74.84,71.06,88,79,1.52,CO,1600654067
Abu Samrah,35.3,37.18,66.27,43,0,3.33,SY,1600654067
Ratnagiri,16.98,73.3,77.67,89,100,4.56,IN,1600654068
Ubari,26.59,12.78,72.61,35,0,6.49,LY,1600654068
Buala,-8.14,159.59,84.83,73,52,5.53,SB,1600654068
São Filipe,14.9,-24.5,78.42,79,72,1.41,CV,1600654068
Xining,36.62,101.77,53.94,73,99,0.43,CN,1600654069
Tabou,4.42,-7.35,75.52,89,99,10.67,CI,1600654069
Huarmey,-10.07,-78.15,62.13,85,48,7.11,PE,1600654069
Mabaruma,8.2,-59.78,75.74,96,91,3.36,GY,1600654070
Rincon,32.3,-81.24,69.8,68,20,12.75,US,1600653999
Avarua,-21.21,-159.78,78.8,83,99,2.24,CK,1600653786
Kodinsk,58.69,99.18,48.22,71,0,2.57,RU,1600654070
Tari,12.41,4.49,75.67,87,27,6.8,NG,1600654070
Yabēlo,4.88,38.08,57.15,94,60,8.14,ET,1600654071
Namie,37.48,141.0,72.0,79,100,1.01,JP,1600654071
New Norfolk,-42.78,147.06,64.0,49,51,5.99,AU,1600654071
Koumac,-20.57,164.28,74.3,57,50,6.91,NC,1600654072
Kamaishi,39.27,141.88,68.0,77,75,1.12,JP,1600654072
Carupano,10.67,-63.26,80.55,81,54,5.01,VE,1600653941
Petropavlovsk-Kamchatskiy,53.05,158.65,59.0,51,20,4.47,RU,1600654072
Prieska,-29.66,22.75,52.45,53,0,7.54,ZA,1600654073
Teguise,29.06,-13.56,73.4,83,0,12.46,ES,1600654073
Coyhaique,-45.58,-72.07,42.8,70,95,3.36,CL,1600654073
Olafsvik,64.89,-23.71,43.25,63,91,17.67,IS,1600654074
Dikson,73.51,80.55,41.05,92,100,15.55,RU,1600654074
Lompoc,34.64,-120.46,64.99,87,90,10.29,US,1600653908
Byron Bay,-28.65,153.62,86.0,61,0,12.75,AU,1600653942
Vardø,70.37,31.11,42.75,80,12,17.25,NO,1600654075
Fortuna,40.6,-124.16,63.0,93,75,11.41,US,1600653777
Cherskiy,68.75,161.3,39.24,70,51,6.71,RU,1600654076
Auki,-8.77,160.7,83.53,78,77,1.03,SB,1600654077
Vila Velha,-20.33,-40.29,75.2,78,90,9.17,BR,1600654077
Waipawa,-41.41,175.52,59.0,77,4,23.04,NZ,1600654077
Draguignan,43.53,6.47,64.4,100,0,3.36,FR,1600654078
Hilo,19.73,-155.09,86.0,51,1,6.93,US,1600653986
Khanskaya,44.68,39.96,52.21,60,0,7.25,RU,1600654078
Alakurtti,66.97,30.35,32.0,96,91,1.01,RU,1600654078
Kīhei,20.79,-156.47,87.8,52,40,29.97,US,1600654079
Laas,46.62,10.7,57.2,100,75,4.7,IT,1600654079
Kumul,42.8,93.45,71.4,21,100,8.79,CN,1600654079
Predivinsk,57.07,93.44,54.1,84,81,2.59,RU,1600654080
Jiangyou,31.77,104.72,65.03,89,100,2.1,CN,1600654080
Kirakira,-10.45,161.92,82.11,78,97,10.92,SB,1600654080
Malanje,-9.54,16.34,65.25,90,98,6.46,AO,1600654080
Vysokogornyy,50.12,139.15,49.71,69,90,1.97,RU,1600654081
Orlik,52.52,99.83,45.05,59,95,1.43,RU,1600654081
Kalmunai,7.42,81.82,82.31,67,98,11.72,LK,1600653903
Qandala,11.47,49.87,88.59,56,66,3.71,SO,1600654082
Ilhabela,-23.78,-45.36,69.31,90,100,8.66,BR,1600654082
Pontes e Lacerda,-15.23,-59.34,83.5,42,98,2.04,BR,1600654082
Burns Lake,54.23,-125.75,49.35,74,100,6.11,CA,1600654082
Anadyr,64.75,177.48,46.4,61,98,8.95,RU,1600654083
Hervey Bay,-25.3,152.85,82.99,57,40,13.87,AU,1600654083
Puerto Ayora,-0.74,-90.35,66.07,89,97,9.42,EC,1600654083
Kachug,53.96,105.88,49.35,69,100,4.61,RU,1600654084
Cap Malheureux,-19.98,57.61,72.0,70,96,7.0,MU,1600654084
Prince Rupert,54.32,-130.32,53.6,87,90,6.93,CA,1600654084
Houma,29.6,-90.72,72.0,94,90,23.04,US,1600653971
Teya,60.38,92.63,49.48,84,100,3.78,RU,1600654085
Upernavik,72.79,-56.15,29.03,88,89,7.7,GL,1600654085
Berdychiv,49.9,28.6,50.43,63,100,5.88,UA,1600654085
Alofi,-19.06,-169.92,77.0,83,75,14.99,NU,1600654086
Bahía Blanca,-38.72,-62.27,42.66,66,0,4.43,AR,1600654086
Vaitape,-16.52,-151.75,79.47,76,50,16.46,PF,1600653976
Tabanan,-8.54,115.13,83.12,67,73,6.38,ID,1600654086
San Policarpo,12.18,125.51,85.33,72,100,2.84,PH,1600654087
Morant Bay,17.88,-76.41,84.2,79,20,4.7,JM,1600654087
Camaná,-16.62,-72.71,61.41,77,85,6.67,PE,1600654087
Poltavka,54.37,71.76,51.4,65,0,14.63,RU,1600654087
Opuwo,-18.06,13.84,61.27,31,0,4.07,NA,1600654088
Nuuk,64.18,-51.72,35.6,84,98,12.75,GL,1600654088
Inhambane,-23.86,35.38,69.44,82,0,9.95,MZ,1600654088
Shache,38.42,77.24,61.14,39,0,2.33,CN,1600654089
Mareeba,-17.0,145.43,86.0,51,0,8.99,AU,1600654089
Khatanga,71.97,102.5,44.74,77,34,8.75,RU,1600654089
Homagama,6.84,80.0,80.6,88,40,11.41,LK,1600654089
Najrān,17.49,44.13,73.4,23,30,5.82,SA,1600654090
Katsuura,35.13,140.3,73.99,78,100,4.0,JP,1600654090
Nouadhibou,20.93,-17.03,77.0,78,99,9.17,MR,1600654090
Pisco,-13.7,-76.22,61.0,87,37,14.99,PE,1600654090
Balakhta,55.38,91.6,52.07,78,14,4.41,RU,1600654091
Colares,38.8,-9.45,66.99,94,86,3.83,PT,1600654091
Bonfim,3.08,-59.95,82.09,62,3,5.48,BR,1600654091
Beitbridge,-22.22,30.0,68.04,33,0,4.9,ZW,1600654092
Sühbaatar,50.23,106.21,51.67,58,3,4.83,MN,1600654092
Zunyi,27.69,106.91,66.34,90,95,5.23,CN,1600654092
Mayo,38.89,-76.51,61.0,51,1,4.7,US,1600654092
Kuala Kedah,6.1,100.3,80.6,88,20,2.24,MY,1600654093
Narsaq,60.92,-46.05,35.6,51,94,5.82,GL,1600654093
Kota Belud,6.35,116.43,86.0,74,20,4.7,MY,1600654093
Fuerte,17.54,120.36,85.1,64,0,1.54,PH,1600654093
Rodrigues Alves,-7.74,-72.65,76.15,81,82,2.3,BR,1600654094
Calabozo,8.92,-67.43,74.28,95,100,3.69,VE,1600654094
Havelock,34.88,-76.9,64.99,55,1,20.8,US,1600654086
Rehoboth,-23.32,17.08,44.42,51,0,2.57,NA,1600654095
Kapit,2.02,112.93,87.94,62,88,0.58,MY,1600654096
Salgueiro,-8.07,-39.12,73.76,70,0,18.52,BR,1600654096
Asău,46.43,26.4,46.0,88,100,1.81,RO,1600654096
Morro Bay,35.37,-120.85,75.99,97,0,1.99,US,1600654029
Bambous Virieux,-20.34,57.76,72.0,73,40,11.41,MU,1600654097
Bagdarin,54.43,113.6,45.12,79,100,5.57,RU,1600654097
Quelimane,-17.88,36.89,69.67,86,0,4.97,MZ,1600654098
Ilulissat,69.22,-51.1,28.4,92,100,2.24,GL,1600654098
Esmeraldas,-19.76,-44.31,71.6,88,54,2.24,BR,1600654098
San Francisco del Mar Viejo,16.23,-94.65,82.0,69,99,20.89,MX,1600654099
Novoagansk,61.94,76.66,53.49,77,34,16.08,RU,1600654099
Manggar,-2.88,108.27,77.36,83,100,6.46,ID,1600654099
Juneau,58.3,-134.42,53.6,71,90,9.17,US,1600653843
Nakama,33.82,130.7,75.99,44,40,10.29,JP,1600654100
Balkanabat,39.51,54.37,64.99,47,19,3.4,TM,1600654100
Westport,41.14,-73.36,55.4,43,1,6.93,US,1600653849
Manamadurai,9.7,78.48,78.8,83,75,2.24,IN,1600654100
Rocha,-34.48,-54.33,41.13,82,0,4.99,UY,1600654101
San Quintín,30.48,-115.95,72.41,72,0,11.72,MX,1600654101
Nsoko,-27.03,31.95,65.34,72,44,9.24,SZ,1600654101
Masallātah,32.62,14.0,73.51,73,32,4.5,LY,1600654101
Karachi,24.91,67.08,82.4,83,100,6.08,PK,1600653899
Port Elizabeth,-33.92,25.57,54.0,75,45,5.01,ZA,1600654102
Păltinoasa,47.55,25.95,54.0,62,66,4.7,RO,1600654102
Río Gallegos,-51.62,-69.22,44.6,70,100,4.7,AR,1600654102
Kutum,14.2,24.67,73.72,60,10,13.6,SD,1600654103
Ol'ga,43.74,135.29,67.5,60,4,0.92,RU,1600654103
Madang,-5.22,145.8,86.54,66,80,7.43,PG,1600654104
Chokurdakh,70.63,147.92,46.69,64,0,12.57,RU,1600654104
Haicheng,40.85,122.75,66.83,53,100,1.03,CN,1600654104
Garhwa,24.18,83.82,79.93,86,100,2.46,IN,1600654104
Jalu,29.03,21.55,71.08,58,0,9.4,LY,1600654105
Norman Wells,65.28,-126.83,51.8,62,75,2.24,CA,1600654105
Laguna,38.42,-121.42,87.8,32,1,3.36,US,1600654105
Huinan,42.62,126.26,59.41,72,50,1.68,CN,1600654105
Vadum,57.12,9.86,53.01,98,94,1.01,DK,1600654106
Antsohihy,-14.88,47.99,66.43,72,0,5.1,MG,1600654106
Tasiilaq,65.61,-37.64,27.88,89,100,5.41,GL,1600654106
Bonthe,7.53,-12.51,75.7,91,100,8.68,SL,1600654107
Oodweyne,9.41,45.06,74.7,55,99,11.3,SO,1600654107
Tame,6.46,-71.73,73.36,92,100,4.23,CO,1600654107
Sinnamary,5.38,-52.95,80.06,85,0,8.84,GF,1600654108
San Patricio,19.22,-104.7,86.0,74,75,17.22,MX,1600654108
Dolzhanskaya,46.63,37.8,54.0,53,0,7.0,RU,1600654108
Souillac,-20.52,57.52,71.6,73,40,11.41,MU,1600654109
Lokosovo,61.13,74.82,53.13,75,3,14.56,RU,1600654109
Storm Lake,42.64,-95.21,69.01,52,1,11.41,US,1600654109
Semey,50.41,80.23,46.4,65,14,8.95,KZ,1600654110
Lagos,6.58,3.75,75.2,94,75,5.82,NG,1600653926
Suntar,62.14,117.63,55.11,66,97,3.27,RU,1600654110
Nefteyugansk,61.1,72.6,57.2,58,95,11.18,RU,1600654110
Yar-Sale,66.83,70.83,48.07,92,100,17.65,RU,1600654111
Arman',59.7,150.17,48.04,49,0,2.37,RU,1600654111
Shizunai-furukawachō,42.33,142.37,68.97,64,91,6.87,JP,1600653926
Poum,-20.23,164.02,72.3,66,4,6.85,NC,1600654111
Mount Gambier,-37.83,140.77,60.8,55,40,20.8,AU,1600654112
Mpongwe,-13.51,28.16,66.81,36,0,8.95,ZM,1600654112
Saskylakh,71.92,114.08,47.39,74,94,10.98,RU,1600654112
Bose,45.46,8.01,64.99,70,99,3.2,IT,1600654112
Tynda,55.17,124.72,55.49,55,36,1.95,RU,1600654113
Mossamedes,-15.2,12.15,63.39,82,93,6.6,AO,1600654113
Mogadishu,2.04,45.34,76.33,81,10,13.49,SO,1600653913
Kiryat Gat,31.61,34.76,77.0,77,0,4.36,IL,1600654114
Ileza,61.05,43.9,38.62,96,100,7.78,RU,1600654114
Borovoy,55.43,86.08,48.2,87,47,4.47,RU,1600654115
Roald,62.58,6.13,60.8,67,100,29.97,NO,1600654115
Khandyga,62.67,135.6,55.96,53,11,1.99,RU,1600654115
Codrington,-38.27,141.97,59.29,65,0,19.53,AU,1600654116
Okha,53.57,142.95,57.61,61,27,1.63,RU,1600654116
Malbork,54.04,19.03,55.0,100,0,2.24,PL,1600654117
Padre Bernardo,-15.35,-48.5,74.48,40,10,1.79,BR,1600654117
Mitsamiouli,-11.38,43.28,75.61,72,0,8.48,KM,1600654117
Itarema,-2.92,-39.92,77.81,82,13,15.66,BR,1600654118
Wajima,37.4,136.9,68.0,72,75,5.82,JP,1600654118
Anori,-3.77,-61.64,84.18,48,65,1.5,BR,1600654118
Kirovskiy,45.09,133.51,58.06,80,82,3.29,RU,1600654118
Holme,56.11,10.17,53.6,100,90,3.36,DK,1600654119
Simpang,-1.27,104.08,80.85,85,98,3.38,ID,1600654119
Luganville,-15.53,167.17,78.8,79,65,14.16,VU,1600654119
Ouro Fino,-22.28,-46.37,63.03,83,94,5.95,BR,1600654119
Ullapool,57.9,-5.16,52.0,75,98,5.46,GB,1600654120
Santa Rosa,14.31,121.11,91.99,62,20,4.7,PH,1600654120
Călăraşi,47.25,28.31,52.0,55,97,1.12,MD,1600654120
Verkhniy Avzyan,53.53,57.54,38.03,93,100,8.12,RU,1600654121
Kosonsoy,41.26,71.55,53.6,58,0,4.7,UZ,1600654121
Liverpool,53.41,-2.98,54.0,93,22,5.82,GB,1600654090
Texas City,29.38,-94.9,73.99,89,100,7.0,US,1600654121
Turaif,31.67,38.66,77.0,27,0,8.05,SA,1600654122
Fethiye,36.62,29.12,69.8,73,0,4.7,TR,1600654122
Kargopol',61.51,38.95,45.93,91,100,9.86,RU,1600654122
Bariloche,-41.15,-71.31,42.8,38,35,6.93,AR,1600653946
Pudozh,61.81,36.53,46.09,93,100,7.14,RU,1600654123
Rāwah,34.48,41.91,75.13,25,0,2.28,IQ,1600654123
Ulaanbaatar,47.91,106.88,41.0,59,0,3.31,MN,1600654123
Lagoa,39.05,-27.98,66.13,77,100,17.67,PT,1600654123
Bairiki Village,1.33,172.98,87.8,62,20,11.41,KI,1600654124
Pampa,35.54,-100.96,69.8,49,1,12.75,US,1600654124
Margate,51.38,1.39,62.01,92,0,1.99,GB,1600654124
Tegul'det,57.31,88.17,51.39,86,56,4.83,RU,1600654124
Bom Jesus,-9.07,-44.36,77.5,36,0,1.97,BR,1600653942
Portales,34.19,-103.33,73.4,28,1,11.41,US,1600654125
Bahía Solano,6.23,-77.4,78.55,85,100,0.72,CO,1600654125
Russell,32.35,-85.2,66.2,68,1,4.7,US,1600654126
Saint George,37.1,-113.58,93.2,14,1,12.75,US,1600653982
Saint-Louis,16.33,-15.0,84.27,65,50,5.88,SN,1600654126
Yakovlevka,44.42,133.48,63.07,67,71,1.03,RU,1600654126
Tuatapere,-46.13,167.68,57.92,52,100,5.77,NZ,1600654127
Olinda,-8.01,-34.86,78.8,74,40,9.17,BR,1600654127
Patitiri,39.15,23.87,62.01,79,10,4.0,GR,1600654127
Sitka,57.05,-135.33,51.8,76,90,11.41,US,1600653843
Winnemucca,40.97,-117.74,78.8,15,1,3.36,US,1600654128
Dolores,-36.31,-57.68,38.37,79,0,6.15,AR,1600654128
Waddān,29.16,16.14,66.96,79,0,3.09,LY,1600654128
Arrondissement de Saint-Denis,48.92,2.33,66.0,59,0,4.7,FR,1600654129
Fairbanks,64.84,-147.72,50.0,61,90,1.7,US,1600654129
Tancanhuitz,21.6,-98.97,71.46,82,21,5.28,MX,1600654129
Tshane,-24.02,21.87,57.85,33,0,8.03,BW,1600654130
Harper,4.38,-7.72,75.65,89,100,10.51,LR,1600654130
Krasnosel'kup,65.7,82.47,49.12,90,100,18.41,RU,1600654130
Novy Urengoy,66.08,76.63,48.24,91,100,16.96,RU,1600654131
Shenjiamen,29.96,122.3,73.99,60,100,9.53,CN,1600654131
Dubbo,-32.25,148.62,75.2,69,85,12.75,AU,1600654131
Cabo San Lucas,22.89,-109.91,84.99,74,20,8.05,MX,1600654098
Pangody,65.85,74.49,49.66,88,98,19.06,RU,1600654132
Sawākin,19.11,37.33,86.61,64,0,1.81,SD,1600654132
Bolondrón,22.76,-81.45,77.0,100,20,5.82,CU,1600654132
Sørland,67.67,12.69,50.45,95,100,32.5,NO,1600654133
Semnan,35.57,53.4,65.91,47,0,7.52,IR,1600654133
Aykhal,66.0,111.5,46.4,70,0,4.47,RU,1600654133
Deputatsky,69.3,139.9,47.55,59,0,1.23,RU,1600654133
São Borja,-28.66,-56.0,47.01,68,0,7.92,BR,1600654134
Hambantota,6.12,81.12,77.0,100,75,4.7,LK,1600653966
Ust-Tsilma,65.44,52.15,32.02,98,56,6.73,RU,1600654135
Mehrān,33.12,46.16,82.4,13,0,16.11,IR,1600654135
Santa Marta,11.24,-74.2,75.0,89,81,11.5,CO,1600654136
Warrington,53.39,-2.58,51.8,93,2,5.82,GB,1600654137
Myingyan,21.47,95.38,78.8,88,75,11.41,MM,1600654137
Ribeirão Branco,-24.22,-48.77,56.21,88,92,9.26,BR,1600654137
Hong Kong,22.29,114.16,84.99,85,69,15.59,HK,1600654001
Andenes,69.31,16.12,42.8,87,100,12.75,NO,1600654138
Sundargarh,22.12,84.03,80.6,94,75,8.48,IN,1600654138
Ancud,-41.87,-73.82,46.99,35,77,1.01,CL,1600654102
Narodychi,51.2,29.08,47.17,59,0,3.42,UA,1600654139
Trelew,-43.25,-65.31,42.24,67,0,6.6,AR,1600654139
Bull Savanna,17.89,-77.59,79.11,81,87,2.82,JM,1600654139
Uzhur,55.3,89.83,50.45,84,3,6.73,RU,1600654139
Stykkisholmur,65.08,-22.73,39.06,78,80,4.72,IS,1600653601
Kokopo,-4.35,152.26,86.56,61,60,8.79,PG,1600654140
Praia da Vitória,38.73,-27.07,68.0,77,75,14.65,PT,1600654140
Quang Ngai,15.12,108.8,87.24,66,60,1.16,VN,1600654140
Gamba,-2.65,10.0,72.45,83,100,4.5,GA,1600654141
Jiayuguan City,39.82,98.3,59.27,66,98,1.43,CN,1600654141
Gizo Government Station,-8.1,156.84,83.93,72,25,6.4,SB,1600654141
Cabedelo,-6.98,-34.83,77.0,83,20,5.82,BR,1600654142
Sijunjung,-0.69,100.95,77.47,87,93,0.67,ID,1600654142
Black River,18.03,-77.85,84.2,79,40,1.12,JM,1600654142
Kiunga,-6.12,141.29,84.7,74,92,1.88,PG,1600654143
Kangaatsiaq,68.31,-53.46,35.65,84,100,10.25,GL,1600654143
Parrita,9.52,-84.32,69.8,100,100,1.12,CR,1600654143
Mt. Pleasant,32.79,-79.86,68.0,77,75,5.82,US,1600654144
Natchitoches,31.77,-93.13,75.2,69,90,5.82,US,1600654144
Elko,41.0,-115.5,75.2,16,1,4.7,US,1600654144
Podgorenskiy,50.41,39.64,41.27,79,0,3.36,RU,1600654145
Beringovskiy,63.05,179.32,43.25,71,82,21.12,RU,1600654145
Songjianghe,42.19,127.48,60.4,64,93,1.41,CN,1600654145
Vao,-22.67,167.48,69.62,78,24,16.44,NC,1600654146
Karoi,-16.81,29.69,60.76,34,0,5.5,ZW,1600654146
Conde,-7.26,-34.91,77.0,83,20,5.82,BR,1600654146
Honiara,-9.43,159.95,89.6,70,75,4.99,SB,1600654147
Saint-François,46.42,3.91,63.0,93,89,4.7,FR,1600654147
Ejura,7.39,-1.36,69.55,92,39,3.67,GH,1600654147
Bajil,15.06,43.29,89.42,53,55,1.79,YE,1600654148
Maniitsoq,65.42,-52.9,34.38,88,94,6.89,GL,1600654149
Naze,28.37,129.48,80.6,74,75,23.04,JP,1600654149
Moree,-29.47,149.85,78.8,54,90,9.17,AU,1600654149
Tarbagatay,51.48,107.36,50.0,81,75,2.24,RU,1600654150
Baykit,61.67,96.37,43.75,81,54,2.53,RU,1600654150
Carauari,-4.88,-66.9,81.63,57,100,1.74,BR,1600654088
Mazatlán,23.22,-106.42,86.0,74,75,9.17,MX,1600653921
Japura,-0.32,102.35,75.99,94,99,3.4,ID,1600654151
Bełchatów,51.37,19.36,48.0,93,0,1.12,PL,1600654151
Berlevåg,70.86,29.09,43.74,80,76,19.01,NO,1600654151
Vostok,46.49,135.88,56.41,64,35,3.09,RU,1600654152
Tecpan,14.76,-90.99,69.8,83,75,9.17,GT,1600654152
Yumen,40.28,97.2,56.1,50,100,7.36,CN,1600654152
Hamilton,39.18,-84.53,61.0,76,1,7.58,US,1600654122
Santa Fe,-31.63,-60.7,51.01,56,0,2.3,AR,1600653911
Weiden,49.68,12.16,46.99,100,1,4.92,DE,1600654153
Segezha,63.74,34.32,43.95,90,100,14.09,RU,1600654153
Puerto Ayacucho,5.66,-67.62,74.34,93,74,0.34,VE,1600654153
Santa Flavia,38.09,13.54,77.0,90,0,2.3,IT,1600654154
Porbandar,21.64,69.61,82.38,81,100,6.62,IN,1600654154
Yulara,-25.24,130.99,68.0,15,0,8.05,AU,1600654021
Labuhan,-6.88,112.21,87.64,53,24,2.77,ID,1600654155
Guilin,25.28,110.29,73.4,94,90,2.24,CN,1600654156
Greenfield,42.96,-88.01,61.0,72,20,6.93,US,1600653897
Valparaíso,-33.04,-71.63,53.6,93,90,3.36,CL,1600654156
Faya,18.39,42.45,64.4,25,48,5.06,SA,1600654157
Buenos Aires,-34.61,-58.38,57.0,35,0,1.01,AR,1600653949
Qaqortoq,60.72,-46.03,35.6,51,92,5.82,GL,1600654157
Belmonte,-15.86,-38.88,75.2,78,40,8.05,BR,1600654157
Cabinda,-5.55,12.2,73.56,82,100,8.21,AO,1600654158
Chotila,22.42,71.18,75.2,100,40,3.36,IN,1600654158
Biltine,14.53,20.92,80.06,65,62,8.75,TD,1600654158
Vanimo,-2.67,141.3,81.86,73,99,3.53,PG,1600654159
Alexandria,31.22,29.96,73.4,88,0,4.7,EG,1600654088
Sirte,31.21,16.59,74.23,76,31,5.68,LY,1600654159
Tignère,7.37,12.65,63.63,100,100,2.66,CM,1600654159
Tabuk,17.42,121.44,84.79,68,11,2.42,PH,1600654160
Padang,-0.95,100.35,80.29,77,94,1.28,ID,1600654154
Niquero,20.04,-77.58,81.12,75,0,3.29,CU,1600654160
Skellefteå,64.75,20.95,46.99,65,100,16.11,SE,1600654161
León,21.12,-101.67,69.8,60,40,9.24,MX,1600654119
Río Tercero,-32.17,-64.11,51.01,36,0,5.23,AR,1600654161
Kosh-Agach,50.0,88.67,46.72,52,0,3.94,RU,1600654162
Vila,42.03,-8.16,55.0,94,0,1.99,PT,1600654162
Asilah,35.47,-6.03,66.2,77,100,5.82,MA,1600654162
Aldan,58.6,125.39,55.8,41,0,1.23,RU,1600654163
Yaan,7.38,8.57,72.16,95,99,3.83,NG,1600654163
Kalāleh,37.38,55.49,71.6,78,19,2.24,IR,1600654163
Sabha,27.04,14.43,72.68,44,0,9.91,LY,1600654164
Rafaela,-31.25,-61.49,52.0,32,0,4.0,AR,1600654164
Nabire,-3.37,135.48,84.97,62,71,4.45,ID,1600654111
Port Macquarie,-31.43,152.92,88.0,63,5,4.0,AU,1600654086
Teahupoo,-17.83,-149.27,86.0,55,40,9.17,PF,1600654164
Kokoda,-8.88,147.74,89.31,45,91,5.86,PG,1600654165
Chapais,49.78,-74.85,37.4,74,1,5.82,CA,1600654165
Coquimbo,-29.95,-71.34,51.8,87,3,5.82,CL,1600654165
Agirish,61.92,63.02,33.15,97,100,13.58,RU,1600654166
Brae,60.4,-1.35,53.6,100,100,13.87,GB,1600654166
Celestún,20.87,-90.4,83.03,77,32,7.78,MX,1600654166
Vestmannaeyjar,63.44,-20.27,45.41,62,44,18.59,IS,1600654167
Bayonet Point,28.33,-82.68,79.0,79,100,22.44,US,1600654167
Kurush,41.28,47.83,60.8,82,75,3.36,RU,1600654167
Locri,38.24,16.26,75.2,69,20,4.7,IT,1600654168
Marivan,35.52,46.18,57.43,47,0,3.67,IR,1600654168
Angoche,-16.23,39.91,70.07,76,1,4.05,MZ,1600654168
Poções,-14.53,-40.37,64.38,91,67,9.22,BR,1600654169
Tual,-5.67,132.75,80.53,83,12,13.2,ID,1600654029
Phayao,19.25,100.25,73.76,96,100,3.04,TH,1600654169
Hecun,36.53,114.11,74.98,47,81,4.7,CN,1600654169
Amazar,53.86,120.88,52.57,54,100,3.27,RU,1600654170
Manali,13.17,80.27,78.8,74,75,6.93,IN,1600654170
Nizhniy Kuranakh,58.84,125.49,58.08,44,0,2.21,RU,1600654170
Trofors,65.53,13.41,51.8,93,100,33.33,NO,1600654170
Srednekolymsk,67.45,153.68,40.73,66,25,5.21,RU,1600654171
Hofn,64.25,-15.21,44.35,60,0,11.54,IS,1600654171
Vestmanna,62.16,-7.17,51.8,100,100,12.75,FO,1600654171
Adrar,20.5,-10.07,85.39,51,100,16.24,MR,1600654171
Boende,-0.22,20.87,70.86,93,100,1.95,CD,1600654172
Jumla,29.27,82.18,64.96,58,1,2.24,NP,1600654160
Saint-Augustin,51.23,-58.65,42.64,63,0,9.75,CA,1600654172
Ebebiyin,2.15,11.34,68.09,98,99,2.68,GQ,1600654173
Dubai,25.26,55.3,84.2,74,0,4.7,AE,1600653918
Hualmay,-11.1,-77.61,61.61,87,48,8.46,PE,1600654173
Arlit,18.74,7.39,90.43,15,0,6.67,NE,1600654174
Cham,47.18,8.46,60.8,93,90,2.19,CH,1600654174
Bubaque,11.28,-15.83,80.42,84,100,8.48,GW,1600654175
Pedra Azul,-16.01,-41.3,62.26,91,3,5.06,BR,1600654175
